1 0.8 0.1
2 0.81 0.1
3 0.82 0.1
4 0.83 0.1
5 0.84 0.1
6 0.85 0.1
7 0.86 0.1
8 0.87 0.1
9 0.88 0.1
10 0.89 0.1
11 0.9 0.1
12 0.91 0.1
13 0.92 0.1
14 0.93 0.1
15 0.94 0.1
16 0.95 0.1
17 0.96 0.1
18 0.97 0.1
19 0.98 0.1
20 0.99 0.1
21 1 0.1
22 1.01 0.1
23 1.02 0.1
24 1.03 0.1
25 1.04 0.1
26 1.05 0.1
27 1.06 0.1
28 1.07 0.1
29 1.08 0.1
30 1.09 0.1
31 1.1 0.1
32 1.11 0.1
33 1.12 0.1
34 1.13 0.1
35 1.14 0.1
36 1.15 0.1
37 1.16 0.1
38 1.17 0.1
39 1.18 0.1
40 1.19 0.1
41 1.2 0.1
42 1.21 0.1
43 1.22 0.1
44 1.23 0.1
45 1.24 0.1
46 1.25 0.1
47 1.26 0.1
48 1.27 0.1
49 1.28 0.1
50 1.29 0.1
51 1.3 0.1
52 1.31 0.1
53 1.32 0.1
54 1.33 0.1
55 1.34 0.1
56 1.35 0.1
57 1.36 0.1
58 1.37 0.1
59 1.38 0.1
60 1.39 0.1
61 1.4 0.1
62 1.41 0.1
63 1.42 0.1
64 1.43 0.1
65 1.44 0.1
66 1.45 0.1
67 1.46 0.1
68 1.47 0.1
69 1.48 0.1
70 1.49 0.1
71 1.5 0.1
72 1.51 0.1
73 1.52 0.1
74 1.53 0.1
75 1.54 0.1
76 1.55 0.1
77 1.56 0.1
78 1.57 0.1
79 1.58 0.1
80 1.59 0.1
81 1.6 0.1
82 1.61 0.1
83 1.62 0.1
84 1.63 0.1
85 1.64 0.1
86 1.65 0.1
87 1.66 0.1
88 1.67 0.1
89 1.68 0.1
90 1.69 0.1
91 1.7 0.1
92 1.71 0.1
93 1.72 0.1
94 1.73 0.1
95 1.74 0.1
96 1.75 0.1
97 1.76 0.1
98 1.77 0.1
99 1.78 0.1
100 1.79 0.1
101 1.8 0.1
102 0.8 0.11
103 0.81 0.11
104 0.82 0.11
105 0.83 0.11
106 0.84 0.11
107 0.85 0.11
108 0.86 0.11
109 0.87 0.11
110 0.88 0.11
111 0.89 0.11
112 0.9 0.11
113 0.91 0.11
114 0.92 0.11
115 0.93 0.11
116 0.94 0.11
117 0.95 0.11
118 0.96 0.11
119 0.97 0.11
120 0.98 0.11
121 0.99 0.11
122 1 0.11
123 1.01 0.11
124 1.02 0.11
125 1.03 0.11
126 1.04 0.11
127 1.05 0.11
128 1.06 0.11
129 1.07 0.11
130 1.08 0.11
131 1.09 0.11
132 1.1 0.11
133 1.11 0.11
134 1.12 0.11
135 1.13 0.11
136 1.14 0.11
137 1.15 0.11
138 1.16 0.11
139 1.17 0.11
140 1.18 0.11
141 1.19 0.11
142 1.2 0.11
143 1.21 0.11
144 1.22 0.11
145 1.23 0.11
146 1.24 0.11
147 1.25 0.11
148 1.26 0.11
149 1.27 0.11
150 1.28 0.11
151 1.29 0.11
152 1.3 0.11
153 1.31 0.11
154 1.32 0.11
155 1.33 0.11
156 1.34 0.11
157 1.35 0.11
158 1.36 0.11
159 1.37 0.11
160 1.38 0.11
161 1.39 0.11
162 1.4 0.11
163 1.41 0.11
164 1.42 0.11
165 1.43 0.11
166 1.44 0.11
167 1.45 0.11
168 1.46 0.11
169 1.47 0.11
170 1.48 0.11
171 1.49 0.11
172 1.5 0.11
173 1.51 0.11
174 1.52 0.11
175 1.53 0.11
176 1.54 0.11
177 1.55 0.11
178 1.56 0.11
179 1.57 0.11
180 1.58 0.11
181 1.59 0.11
182 1.6 0.11
183 1.61 0.11
184 1.62 0.11
185 1.63 0.11
186 1.64 0.11
187 1.65 0.11
188 1.66 0.11
189 1.67 0.11
190 1.68 0.11
191 1.69 0.11
192 1.7 0.11
193 1.71 0.11
194 1.72 0.11
195 1.73 0.11
196 1.74 0.11
197 1.75 0.11
198 1.76 0.11
199 1.77 0.11
200 1.78 0.11
201 1.79 0.11
202 1.8 0.11
203 0.8 0.12
204 0.81 0.12
205 0.82 0.12
206 0.83 0.12
207 0.84 0.12
208 0.85 0.12
209 0.86 0.12
210 0.87 0.12
211 0.88 0.12
212 0.89 0.12
213 0.9 0.12
214 0.91 0.12
215 0.92 0.12
216 0.93 0.12
217 0.94 0.12
218 0.95 0.12
219 0.96 0.12
220 0.97 0.12
221 0.98 0.12
222 0.99 0.12
223 1 0.12
224 1.01 0.12
225 1.02 0.12
226 1.03 0.12
227 1.04 0.12
228 1.05 0.12
229 1.06 0.12
230 1.07 0.12
231 1.08 0.12
232 1.09 0.12
233 1.1 0.12
234 1.11 0.12
235 1.12 0.12
236 1.13 0.12
237 1.14 0.12
238 1.15 0.12
239 1.16 0.12
240 1.17 0.12
241 1.18 0.12
242 1.19 0.12
243 1.2 0.12
244 1.21 0.12
245 1.22 0.12
246 1.23 0.12
247 1.24 0.12
248 1.25 0.12
249 1.26 0.12
250 1.27 0.12
251 1.28 0.12
252 1.29 0.12
253 1.3 0.12
254 1.31 0.12
255 1.32 0.12
256 1.33 0.12
257 1.34 0.12
258 1.35 0.12
259 1.36 0.12
260 1.37 0.12
261 1.38 0.12
262 1.39 0.12
263 1.4 0.12
264 1.41 0.12
265 1.42 0.12
266 1.43 0.12
267 1.44 0.12
268 1.45 0.12
269 1.46 0.12
270 1.47 0.12
271 1.48 0.12
272 1.49 0.12
273 1.5 0.12
274 1.51 0.12
275 1.52 0.12
276 1.53 0.12
277 1.54 0.12
278 1.55 0.12
279 1.56 0.12
280 1.57 0.12
281 1.58 0.12
282 1.59 0.12
283 1.6 0.12
284 1.61 0.12
285 1.62 0.12
286 1.63 0.12
287 1.64 0.12
288 1.65 0.12
289 1.66 0.12
290 1.67 0.12
291 1.68 0.12
292 1.69 0.12
293 1.7 0.12
294 1.71 0.12
295 1.72 0.12
296 1.73 0.12
297 1.74 0.12
298 1.75 0.12
299 1.76 0.12
300 1.77 0.12
301 1.78 0.12
302 1.79 0.12
303 1.8 0.12
304 0.8 0.13
305 0.81 0.13
306 0.82 0.13
307 0.83 0.13
308 0.84 0.13
309 0.85 0.13
310 0.86 0.13
311 0.87 0.13
312 0.88 0.13
313 0.89 0.13
314 0.9 0.13
315 0.91 0.13
316 0.92 0.13
317 0.93 0.13
318 0.94 0.13
319 0.95 0.13
320 0.96 0.13
321 0.97 0.13
322 0.98 0.13
323 0.99 0.13
324 1 0.13
325 1.01 0.13
326 1.02 0.13
327 1.03 0.13
328 1.04 0.13
329 1.05 0.13
330 1.06 0.13
331 1.07 0.13
332 1.08 0.13
333 1.09 0.13
334 1.1 0.13
335 1.11 0.13
336 1.12 0.13
337 1.13 0.13
338 1.14 0.13
339 1.15 0.13
340 1.16 0.13
341 1.17 0.13
342 1.18 0.13
343 1.19 0.13
344 1.2 0.13
345 1.21 0.13
346 1.22 0.13
347 1.23 0.13
348 1.24 0.13
349 1.25 0.13
350 1.26 0.13
351 1.27 0.13
352 1.28 0.13
353 1.29 0.13
354 1.3 0.13
355 1.31 0.13
356 1.32 0.13
357 1.33 0.13
358 1.34 0.13
359 1.35 0.13
360 1.36 0.13
361 1.37 0.13
362 1.38 0.13
363 1.39 0.13
364 1.4 0.13
365 1.41 0.13
366 1.42 0.13
367 1.43 0.13
368 1.44 0.13
369 1.45 0.13
370 1.46 0.13
371 1.47 0.13
372 1.48 0.13
373 1.49 0.13
374 1.5 0.13
375 1.51 0.13
376 1.52 0.13
377 1.53 0.13
378 1.54 0.13
379 1.55 0.13
380 1.56 0.13
381 1.57 0.13
382 1.58 0.13
383 1.59 0.13
384 1.6 0.13
385 1.61 0.13
386 1.62 0.13
387 1.63 0.13
388 1.64 0.13
389 1.65 0.13
390 1.66 0.13
391 1.67 0.13
392 1.68 0.13
393 1.69 0.13
394 1.7 0.13
395 1.71 0.13
396 1.72 0.13
397 1.73 0.13
398 1.74 0.13
399 1.75 0.13
400 1.76 0.13
401 1.77 0.13
402 1.78 0.13
403 1.79 0.13
404 1.8 0.13
405 0.8 0.14
406 0.81 0.14
407 0.82 0.14
408 0.83 0.14
409 0.84 0.14
410 0.85 0.14
411 0.86 0.14
412 0.87 0.14
413 0.88 0.14
414 0.89 0.14
415 0.9 0.14
416 0.91 0.14
417 0.92 0.14
418 0.93 0.14
419 0.94 0.14
420 0.95 0.14
421 0.96 0.14
422 0.97 0.14
423 0.98 0.14
424 0.99 0.14
425 1 0.14
426 1.01 0.14
427 1.02 0.14
428 1.03 0.14
429 1.04 0.14
430 1.05 0.14
431 1.06 0.14
432 1.07 0.14
433 1.08 0.14
434 1.09 0.14
435 1.1 0.14
436 1.11 0.14
437 1.12 0.14
438 1.13 0.14
439 1.14 0.14
440 1.15 0.14
441 1.16 0.14
442 1.17 0.14
443 1.18 0.14
444 1.19 0.14
445 1.2 0.14
446 1.21 0.14
447 1.22 0.14
448 1.23 0.14
449 1.24 0.14
450 1.25 0.14
451 1.26 0.14
452 1.27 0.14
453 1.28 0.14
454 1.29 0.14
455 1.3 0.14
456 1.31 0.14
457 1.32 0.14
458 1.33 0.14
459 1.34 0.14
460 1.35 0.14
461 1.36 0.14
462 1.37 0.14
463 1.38 0.14
464 1.39 0.14
465 1.4 0.14
466 1.41 0.14
467 1.42 0.14
468 1.43 0.14
469 1.44 0.14
470 1.45 0.14
471 1.46 0.14
472 1.47 0.14
473 1.48 0.14
474 1.49 0.14
475 1.5 0.14
476 1.51 0.14
477 1.52 0.14
478 1.53 0.14
479 1.54 0.14
480 1.55 0.14
481 1.56 0.14
482 1.57 0.14
483 1.58 0.14
484 1.59 0.14
485 1.6 0.14
486 1.61 0.14
487 1.62 0.14
488 1.63 0.14
489 1.64 0.14
490 1.65 0.14
491 1.66 0.14
492 1.67 0.14
493 1.68 0.14
494 1.69 0.14
495 1.7 0.14
496 1.71 0.14
497 1.72 0.14
498 1.73 0.14
499 1.74 0.14
500 1.75 0.14
501 1.76 0.14
502 1.77 0.14
503 1.78 0.14
504 1.79 0.14
505 1.8 0.14
506 0.8 0.15
507 0.81 0.15
508 0.82 0.15
509 0.83 0.15
510 0.84 0.15
511 0.85 0.15
512 0.86 0.15
513 0.87 0.15
514 0.88 0.15
515 0.89 0.15
516 0.9 0.15
517 0.91 0.15
518 0.92 0.15
519 0.93 0.15
520 0.94 0.15
521 0.95 0.15
522 0.96 0.15
523 0.97 0.15
524 0.98 0.15
525 0.99 0.15
526 1 0.15
527 1.01 0.15
528 1.02 0.15
529 1.03 0.15
530 1.04 0.15
531 1.05 0.15
532 1.06 0.15
533 1.07 0.15
534 1.08 0.15
535 1.09 0.15
536 1.1 0.15
537 1.11 0.15
538 1.12 0.15
539 1.13 0.15
540 1.14 0.15
541 1.15 0.15
542 1.16 0.15
543 1.17 0.15
544 1.18 0.15
545 1.19 0.15
546 1.2 0.15
547 1.21 0.15
548 1.22 0.15
549 1.23 0.15
550 1.24 0.15
551 1.25 0.15
552 1.26 0.15
553 1.27 0.15
554 1.28 0.15
555 1.29 0.15
556 1.3 0.15
557 1.31 0.15
558 1.32 0.15
559 1.33 0.15
560 1.34 0.15
561 1.35 0.15
562 1.36 0.15
563 1.37 0.15
564 1.38 0.15
565 1.39 0.15
566 1.4 0.15
567 1.41 0.15
568 1.42 0.15
569 1.43 0.15
570 1.44 0.15
571 1.45 0.15
572 1.46 0.15
573 1.47 0.15
574 1.48 0.15
575 1.49 0.15
576 1.5 0.15
577 1.51 0.15
578 1.52 0.15
579 1.53 0.15
580 1.54 0.15
581 1.55 0.15
582 1.56 0.15
583 1.57 0.15
584 1.58 0.15
585 1.59 0.15
586 1.6 0.15
587 1.61 0.15
588 1.62 0.15
589 1.63 0.15
590 1.64 0.15
591 1.65 0.15
592 1.66 0.15
593 1.67 0.15
594 1.68 0.15
595 1.69 0.15
596 1.7 0.15
597 1.71 0.15
598 1.72 0.15
599 1.73 0.15
600 1.74 0.15
601 1.75 0.15
602 1.76 0.15
603 1.77 0.15
604 1.78 0.15
605 1.79 0.15
606 1.8 0.15
607 0.8 0.16
608 0.81 0.16
609 0.82 0.16
610 0.83 0.16
611 0.84 0.16
612 0.85 0.16
613 0.86 0.16
614 0.87 0.16
615 0.88 0.16
616 0.89 0.16
617 0.9 0.16
618 0.91 0.16
619 0.92 0.16
620 0.93 0.16
621 0.94 0.16
622 0.95 0.16
623 0.96 0.16
624 0.97 0.16
625 0.98 0.16
626 0.99 0.16
627 1 0.16
628 1.01 0.16
629 1.02 0.16
630 1.03 0.16
631 1.04 0.16
632 1.05 0.16
633 1.06 0.16
634 1.07 0.16
635 1.08 0.16
636 1.09 0.16
637 1.1 0.16
638 1.11 0.16
639 1.12 0.16
640 1.13 0.16
641 1.14 0.16
642 1.15 0.16
643 1.16 0.16
644 1.17 0.16
645 1.18 0.16
646 1.19 0.16
647 1.2 0.16
648 1.21 0.16
649 1.22 0.16
650 1.23 0.16
651 1.24 0.16
652 1.25 0.16
653 1.26 0.16
654 1.27 0.16
655 1.28 0.16
656 1.29 0.16
657 1.3 0.16
658 1.31 0.16
659 1.32 0.16
660 1.33 0.16
661 1.34 0.16
662 1.35 0.16
663 1.36 0.16
664 1.37 0.16
665 1.38 0.16
666 1.39 0.16
667 1.4 0.16
668 1.41 0.16
669 1.42 0.16
670 1.43 0.16
671 1.44 0.16
672 1.45 0.16
673 1.46 0.16
674 1.47 0.16
675 1.48 0.16
676 1.49 0.16
677 1.5 0.16
678 1.51 0.16
679 1.52 0.16
680 1.53 0.16
681 1.54 0.16
682 1.55 0.16
683 1.56 0.16
684 1.57 0.16
685 1.58 0.16
686 1.59 0.16
687 1.6 0.16
688 1.61 0.16
689 1.62 0.16
690 1.63 0.16
691 1.64 0.16
692 1.65 0.16
693 1.66 0.16
694 1.67 0.16
695 1.68 0.16
696 1.69 0.16
697 1.7 0.16
698 1.71 0.16
699 1.72 0.16
700 1.73 0.16
701 1.74 0.16
702 1.75 0.16
703 1.76 0.16
704 1.77 0.16
705 1.78 0.16
706 1.79 0.16
707 1.8 0.16
708 0.8 0.17
709 0.81 0.17
710 0.82 0.17
711 0.83 0.17
712 0.84 0.17
713 0.85 0.17
714 0.86 0.17
715 0.87 0.17
716 0.88 0.17
717 0.89 0.17
718 0.9 0.17
719 0.91 0.17
720 0.92 0.17
721 0.93 0.17
722 0.94 0.17
723 0.95 0.17
724 0.96 0.17
725 0.97 0.17
726 0.98 0.17
727 0.99 0.17
728 1 0.17
729 1.01 0.17
730 1.02 0.17
731 1.03 0.17
732 1.04 0.17
733 1.05 0.17
734 1.06 0.17
735 1.07 0.17
736 1.08 0.17
737 1.09 0.17
738 1.1 0.17
739 1.11 0.17
740 1.12 0.17
741 1.13 0.17
742 1.14 0.17
743 1.15 0.17
744 1.16 0.17
745 1.17 0.17
746 1.18 0.17
747 1.19 0.17
748 1.2 0.17
749 1.21 0.17
750 1.22 0.17
751 1.23 0.17
752 1.24 0.17
753 1.25 0.17
754 1.26 0.17
755 1.27 0.17
756 1.28 0.17
757 1.29 0.17
758 1.3 0.17
759 1.31 0.17
760 1.32 0.17
761 1.33 0.17
762 1.34 0.17
763 1.35 0.17
764 1.36 0.17
765 1.37 0.17
766 1.38 0.17
767 1.39 0.17
768 1.4 0.17
769 1.41 0.17
770 1.42 0.17
771 1.43 0.17
772 1.44 0.17
773 1.45 0.17
774 1.46 0.17
775 1.47 0.17
776 1.48 0.17
777 1.49 0.17
778 1.5 0.17
779 1.51 0.17
780 1.52 0.17
781 1.53 0.17
782 1.54 0.17
783 1.55 0.17
784 1.56 0.17
785 1.57 0.17
786 1.58 0.17
787 1.59 0.17
788 1.6 0.17
789 1.61 0.17
790 1.62 0.17
791 1.63 0.17
792 1.64 0.17
793 1.65 0.17
794 1.66 0.17
795 1.67 0.17
796 1.68 0.17
797 1.69 0.17
798 1.7 0.17
799 1.71 0.17
800 1.72 0.17
801 1.73 0.17
802 1.74 0.17
803 1.75 0.17
804 1.76 0.17
805 1.77 0.17
806 1.78 0.17
807 1.79 0.17
808 1.8 0.17
809 0.8 0.18
810 0.81 0.18
811 0.82 0.18
812 0.83 0.18
813 0.84 0.18
814 0.85 0.18
815 0.86 0.18
816 0.87 0.18
817 0.88 0.18
818 0.89 0.18
819 0.9 0.18
820 0.91 0.18
821 0.92 0.18
822 0.93 0.18
823 0.94 0.18
824 0.95 0.18
825 0.96 0.18
826 0.97 0.18
827 0.98 0.18
828 0.99 0.18
829 1 0.18
830 1.01 0.18
831 1.02 0.18
832 1.03 0.18
833 1.04 0.18
834 1.05 0.18
835 1.06 0.18
836 1.07 0.18
837 1.08 0.18
838 1.09 0.18
839 1.1 0.18
840 1.11 0.18
841 1.12 0.18
842 1.13 0.18
843 1.14 0.18
844 1.15 0.18
845 1.16 0.18
846 1.17 0.18
847 1.18 0.18
848 1.19 0.18
849 1.2 0.18
850 1.21 0.18
851 1.22 0.18
852 1.23 0.18
853 1.24 0.18
854 1.25 0.18
855 1.26 0.18
856 1.27 0.18
857 1.28 0.18
858 1.29 0.18
859 1.3 0.18
860 1.31 0.18
861 1.32 0.18
862 1.33 0.18
863 1.34 0.18
864 1.35 0.18
865 1.36 0.18
866 1.37 0.18
867 1.38 0.18
868 1.39 0.18
869 1.4 0.18
870 1.41 0.18
871 1.42 0.18
872 1.43 0.18
873 1.44 0.18
874 1.45 0.18
875 1.46 0.18
876 1.47 0.18
877 1.48 0.18
878 1.49 0.18
879 1.5 0.18
880 1.51 0.18
881 1.52 0.18
882 1.53 0.18
883 1.54 0.18
884 1.55 0.18
885 1.56 0.18
886 1.57 0.18
887 1.58 0.18
888 1.59 0.18
889 1.6 0.18
890 1.61 0.18
891 1.62 0.18
892 1.63 0.18
893 1.64 0.18
894 1.65 0.18
895 1.66 0.18
896 1.67 0.18
897 1.68 0.18
898 1.69 0.18
899 1.7 0.18
900 1.71 0.18
901 1.72 0.18
902 1.73 0.18
903 1.74 0.18
904 1.75 0.18
905 1.76 0.18
906 1.77 0.18
907 1.78 0.18
908 1.79 0.18
909 1.8 0.18
910 0.8 0.19
911 0.81 0.19
912 0.82 0.19
913 0.83 0.19
914 0.84 0.19
915 0.85 0.19
916 0.86 0.19
917 0.87 0.19
918 0.88 0.19
919 0.89 0.19
920 0.9 0.19
921 0.91 0.19
922 0.92 0.19
923 0.93 0.19
924 0.94 0.19
925 0.95 0.19
926 0.96 0.19
927 0.97 0.19
928 0.98 0.19
929 0.99 0.19
930 1 0.19
931 1.01 0.19
932 1.02 0.19
933 1.03 0.19
934 1.04 0.19
935 1.05 0.19
936 1.06 0.19
937 1.07 0.19
938 1.08 0.19
939 1.09 0.19
940 1.1 0.19
941 1.11 0.19
942 1.12 0.19
943 1.13 0.19
944 1.14 0.19
945 1.15 0.19
946 1.16 0.19
947 1.17 0.19
948 1.18 0.19
949 1.19 0.19
950 1.2 0.19
951 1.21 0.19
952 1.22 0.19
953 1.23 0.19
954 1.24 0.19
955 1.25 0.19
956 1.26 0.19
957 1.27 0.19
958 1.28 0.19
959 1.29 0.19
960 1.3 0.19
961 1.31 0.19
962 1.32 0.19
963 1.33 0.19
964 1.34 0.19
965 1.35 0.19
966 1.36 0.19
967 1.37 0.19
968 1.38 0.19
969 1.39 0.19
970 1.4 0.19
971 1.41 0.19
972 1.42 0.19
973 1.43 0.19
974 1.44 0.19
975 1.45 0.19
976 1.46 0.19
977 1.47 0.19
978 1.48 0.19
979 1.49 0.19
980 1.5 0.19
981 1.51 0.19
982 1.52 0.19
983 1.53 0.19
984 1.54 0.19
985 1.55 0.19
986 1.56 0.19
987 1.57 0.19
988 1.58 0.19
989 1.59 0.19
990 1.6 0.19
991 1.61 0.19
992 1.62 0.19
993 1.63 0.19
994 1.64 0.19
995 1.65 0.19
996 1.66 0.19
997 1.67 0.19
998 1.68 0.19
999 1.69 0.19
1000 1.7 0.19
1001 1.71 0.19
1002 1.72 0.19
1003 1.73 0.19
1004 1.74 0.19
1005 1.75 0.19
1006 1.76 0.19
1007 1.77 0.19
1008 1.78 0.19
1009 1.79 0.19
1010 1.8 0.19
1011 0.8 0.2
1012 0.81 0.2
1013 0.82 0.2
1014 0.83 0.2
1015 0.84 0.2
1016 0.85 0.2
1017 0.86 0.2
1018 0.87 0.2
1019 0.88 0.2
1020 0.89 0.2
1021 0.9 0.2
1022 0.91 0.2
1023 0.92 0.2
1024 0.93 0.2
1025 0.94 0.2
1026 0.95 0.2
1027 0.96 0.2
1028 0.97 0.2
1029 0.98 0.2
1030 0.99 0.2
1031 1 0.2
1032 1.01 0.2
1033 1.02 0.2
1034 1.03 0.2
1035 1.04 0.2
1036 1.05 0.2
1037 1.06 0.2
1038 1.07 0.2
1039 1.08 0.2
1040 1.09 0.2
1041 1.1 0.2
1042 1.11 0.2
1043 1.12 0.2
1044 1.13 0.2
1045 1.14 0.2
1046 1.15 0.2
1047 1.16 0.2
1048 1.17 0.2
1049 1.18 0.2
1050 1.19 0.2
1051 1.2 0.2
1052 1.21 0.2
1053 1.22 0.2
1054 1.23 0.2
1055 1.24 0.2
1056 1.25 0.2
1057 1.26 0.2
1058 1.27 0.2
1059 1.28 0.2
1060 1.29 0.2
1061 1.3 0.2
1062 1.31 0.2
1063 1.32 0.2
1064 1.33 0.2
1065 1.34 0.2
1066 1.35 0.2
1067 1.36 0.2
1068 1.37 0.2
1069 1.38 0.2
1070 1.39 0.2
1071 1.4 0.2
1072 1.41 0.2
1073 1.42 0.2
1074 1.43 0.2
1075 1.44 0.2
1076 1.45 0.2
1077 1.46 0.2
1078 1.47 0.2
1079 1.48 0.2
1080 1.49 0.2
1081 1.5 0.2
1082 1.51 0.2
1083 1.52 0.2
1084 1.53 0.2
1085 1.54 0.2
1086 1.55 0.2
1087 1.56 0.2
1088 1.57 0.2
1089 1.58 0.2
1090 1.59 0.2
1091 1.6 0.2
1092 1.61 0.2
1093 1.62 0.2
1094 1.63 0.2
1095 1.64 0.2
1096 1.65 0.2
1097 1.66 0.2
1098 1.67 0.2
1099 1.68 0.2
1100 1.69 0.2
1101 1.7 0.2
1102 1.71 0.2
1103 1.72 0.2
1104 1.73 0.2
1105 1.74 0.2
1106 1.75 0.2
1107 1.76 0.2
1108 1.77 0.2
1109 1.78 0.2
1110 1.79 0.2
1111 1.8 0.2
1112 0.8 0.21
1113 0.81 0.21
1114 0.82 0.21
1115 0.83 0.21
1116 0.84 0.21
1117 0.85 0.21
1118 0.86 0.21
1119 0.87 0.21
1120 0.88 0.21
1121 0.89 0.21
1122 0.9 0.21
1123 0.91 0.21
1124 0.92 0.21
1125 0.93 0.21
1126 0.94 0.21
1127 0.95 0.21
1128 0.96 0.21
1129 0.97 0.21
1130 0.98 0.21
1131 0.99 0.21
1132 1 0.21
1133 1.01 0.21
1134 1.02 0.21
1135 1.03 0.21
1136 1.04 0.21
1137 1.05 0.21
1138 1.06 0.21
1139 1.07 0.21
1140 1.08 0.21
1141 1.09 0.21
1142 1.1 0.21
1143 1.11 0.21
1144 1.12 0.21
1145 1.13 0.21
1146 1.14 0.21
1147 1.15 0.21
1148 1.16 0.21
1149 1.17 0.21
1150 1.18 0.21
1151 1.19 0.21
1152 1.2 0.21
1153 1.21 0.21
1154 1.22 0.21
1155 1.23 0.21
1156 1.24 0.21
1157 1.25 0.21
1158 1.26 0.21
1159 1.27 0.21
1160 1.28 0.21
1161 1.29 0.21
1162 1.3 0.21
1163 1.31 0.21
1164 1.32 0.21
1165 1.33 0.21
1166 1.34 0.21
1167 1.35 0.21
1168 1.36 0.21
1169 1.37 0.21
1170 1.38 0.21
1171 1.39 0.21
1172 1.4 0.21
1173 1.41 0.21
1174 1.42 0.21
1175 1.43 0.21
1176 1.44 0.21
1177 1.45 0.21
1178 1.46 0.21
1179 1.47 0.21
1180 1.48 0.21
1181 1.49 0.21
1182 1.5 0.21
1183 1.51 0.21
1184 1.52 0.21
1185 1.53 0.21
1186 1.54 0.21
1187 1.55 0.21
1188 1.56 0.21
1189 1.57 0.21
1190 1.58 0.21
1191 1.59 0.21
1192 1.6 0.21
1193 1.61 0.21
1194 1.62 0.21
1195 1.63 0.21
1196 1.64 0.21
1197 1.65 0.21
1198 1.66 0.21
1199 1.67 0.21
1200 1.68 0.21
1201 1.69 0.21
1202 1.7 0.21
1203 1.71 0.21
1204 1.72 0.21
1205 1.73 0.21
1206 1.74 0.21
1207 1.75 0.21
1208 1.76 0.21
1209 1.77 0.21
1210 1.78 0.21
1211 1.79 0.21
1212 1.8 0.21
1213 0.8 0.22
1214 0.81 0.22
1215 0.82 0.22
1216 0.83 0.22
1217 0.84 0.22
1218 0.85 0.22
1219 0.86 0.22
1220 0.87 0.22
1221 0.88 0.22
1222 0.89 0.22
1223 0.9 0.22
1224 0.91 0.22
1225 0.92 0.22
1226 0.93 0.22
1227 0.94 0.22
1228 0.95 0.22
1229 0.96 0.22
1230 0.97 0.22
1231 0.98 0.22
1232 0.99 0.22
1233 1 0.22
1234 1.01 0.22
1235 1.02 0.22
1236 1.03 0.22
1237 1.04 0.22
1238 1.05 0.22
1239 1.06 0.22
1240 1.07 0.22
1241 1.08 0.22
1242 1.09 0.22
1243 1.1 0.22
1244 1.11 0.22
1245 1.12 0.22
1246 1.13 0.22
1247 1.14 0.22
1248 1.15 0.22
1249 1.16 0.22
1250 1.17 0.22
1251 1.18 0.22
1252 1.19 0.22
1253 1.2 0.22
1254 1.21 0.22
1255 1.22 0.22
1256 1.23 0.22
1257 1.24 0.22
1258 1.25 0.22
1259 1.26 0.22
1260 1.27 0.22
1261 1.28 0.22
1262 1.29 0.22
1263 1.3 0.22
1264 1.31 0.22
1265 1.32 0.22
1266 1.33 0.22
1267 1.34 0.22
1268 1.35 0.22
1269 1.36 0.22
1270 1.37 0.22
1271 1.38 0.22
1272 1.39 0.22
1273 1.4 0.22
1274 1.41 0.22
1275 1.42 0.22
1276 1.43 0.22
1277 1.44 0.22
1278 1.45 0.22
1279 1.46 0.22
1280 1.47 0.22
1281 1.48 0.22
1282 1.49 0.22
1283 1.5 0.22
1284 1.51 0.22
1285 1.52 0.22
1286 1.53 0.22
1287 1.54 0.22
1288 1.55 0.22
1289 1.56 0.22
1290 1.57 0.22
1291 1.58 0.22
1292 1.59 0.22
1293 1.6 0.22
1294 1.61 0.22
1295 1.62 0.22
1296 1.63 0.22
1297 1.64 0.22
1298 1.65 0.22
1299 1.66 0.22
1300 1.67 0.22
1301 1.68 0.22
1302 1.69 0.22
1303 1.7 0.22
1304 1.71 0.22
1305 1.72 0.22
1306 1.73 0.22
1307 1.74 0.22
1308 1.75 0.22
1309 1.76 0.22
1310 1.77 0.22
1311 1.78 0.22
1312 1.79 0.22
1313 1.8 0.22
1314 0.8 0.23
1315 0.81 0.23
1316 0.82 0.23
1317 0.83 0.23
1318 0.84 0.23
1319 0.85 0.23
1320 0.86 0.23
1321 0.87 0.23
1322 0.88 0.23
1323 0.89 0.23
1324 0.9 0.23
1325 0.91 0.23
1326 0.92 0.23
1327 0.93 0.23
1328 0.94 0.23
1329 0.95 0.23
1330 0.96 0.23
1331 0.97 0.23
1332 0.98 0.23
1333 0.99 0.23
1334 1 0.23
1335 1.01 0.23
1336 1.02 0.23
1337 1.03 0.23
1338 1.04 0.23
1339 1.05 0.23
1340 1.06 0.23
1341 1.07 0.23
1342 1.08 0.23
1343 1.09 0.23
1344 1.1 0.23
1345 1.11 0.23
1346 1.12 0.23
1347 1.13 0.23
1348 1.14 0.23
1349 1.15 0.23
1350 1.16 0.23
1351 1.17 0.23
1352 1.18 0.23
1353 1.19 0.23
1354 1.2 0.23
1355 1.21 0.23
1356 1.22 0.23
1357 1.23 0.23
1358 1.24 0.23
1359 1.25 0.23
1360 1.26 0.23
1361 1.27 0.23
1362 1.28 0.23
1363 1.29 0.23
1364 1.3 0.23
1365 1.31 0.23
1366 1.32 0.23
1367 1.33 0.23
1368 1.34 0.23
1369 1.35 0.23
1370 1.36 0.23
1371 1.37 0.23
1372 1.38 0.23
1373 1.39 0.23
1374 1.4 0.23
1375 1.41 0.23
1376 1.42 0.23
1377 1.43 0.23
1378 1.44 0.23
1379 1.45 0.23
1380 1.46 0.23
1381 1.47 0.23
1382 1.48 0.23
1383 1.49 0.23
1384 1.5 0.23
1385 1.51 0.23
1386 1.52 0.23
1387 1.53 0.23
1388 1.54 0.23
1389 1.55 0.23
1390 1.56 0.23
1391 1.57 0.23
1392 1.58 0.23
1393 1.59 0.23
1394 1.6 0.23
1395 1.61 0.23
1396 1.62 0.23
1397 1.63 0.23
1398 1.64 0.23
1399 1.65 0.23
1400 1.66 0.23
1401 1.67 0.23
1402 1.68 0.23
1403 1.69 0.23
1404 1.7 0.23
1405 1.71 0.23
1406 1.72 0.23
1407 1.73 0.23
1408 1.74 0.23
1409 1.75 0.23
1410 1.76 0.23
1411 1.77 0.23
1412 1.78 0.23
1413 1.79 0.23
1414 1.8 0.23
1415 0.8 0.24
1416 0.81 0.24
1417 0.82 0.24
1418 0.83 0.24
1419 0.84 0.24
1420 0.85 0.24
1421 0.86 0.24
1422 0.87 0.24
1423 0.88 0.24
1424 0.89 0.24
1425 0.9 0.24
1426 0.91 0.24
1427 0.92 0.24
1428 0.93 0.24
1429 0.94 0.24
1430 0.95 0.24
1431 0.96 0.24
1432 0.97 0.24
1433 0.98 0.24
1434 0.99 0.24
1435 1 0.24
1436 1.01 0.24
1437 1.02 0.24
1438 1.03 0.24
1439 1.04 0.24
1440 1.05 0.24
1441 1.06 0.24
1442 1.07 0.24
1443 1.08 0.24
1444 1.09 0.24
1445 1.1 0.24
1446 1.11 0.24
1447 1.12 0.24
1448 1.13 0.24
1449 1.14 0.24
1450 1.15 0.24
1451 1.16 0.24
1452 1.17 0.24
1453 1.18 0.24
1454 1.19 0.24
1455 1.2 0.24
1456 1.21 0.24
1457 1.22 0.24
1458 1.23 0.24
1459 1.24 0.24
1460 1.25 0.24
1461 1.26 0.24
1462 1.27 0.24
1463 1.28 0.24
1464 1.29 0.24
1465 1.3 0.24
1466 1.31 0.24
1467 1.32 0.24
1468 1.33 0.24
1469 1.34 0.24
1470 1.35 0.24
1471 1.36 0.24
1472 1.37 0.24
1473 1.38 0.24
1474 1.39 0.24
1475 1.4 0.24
1476 1.41 0.24
1477 1.42 0.24
1478 1.43 0.24
1479 1.44 0.24
1480 1.45 0.24
1481 1.46 0.24
1482 1.47 0.24
1483 1.48 0.24
1484 1.49 0.24
1485 1.5 0.24
1486 1.51 0.24
1487 1.52 0.24
1488 1.53 0.24
1489 1.54 0.24
1490 1.55 0.24
1491 1.56 0.24
1492 1.57 0.24
1493 1.58 0.24
1494 1.59 0.24
1495 1.6 0.24
1496 1.61 0.24
1497 1.62 0.24
1498 1.63 0.24
1499 1.64 0.24
1500 1.65 0.24
1501 1.66 0.24
1502 1.67 0.24
1503 1.68 0.24
1504 1.69 0.24
1505 1.7 0.24
1506 1.71 0.24
1507 1.72 0.24
1508 1.73 0.24
1509 1.74 0.24
1510 1.75 0.24
1511 1.76 0.24
1512 1.77 0.24
1513 1.78 0.24
1514 1.79 0.24
1515 1.8 0.24
1516 0.8 0.25
1517 0.81 0.25
1518 0.82 0.25
1519 0.83 0.25
1520 0.84 0.25
1521 0.85 0.25
1522 0.86 0.25
1523 0.87 0.25
1524 0.88 0.25
1525 0.89 0.25
1526 0.9 0.25
1527 0.91 0.25
1528 0.92 0.25
1529 0.93 0.25
1530 0.94 0.25
1531 0.95 0.25
1532 0.96 0.25
1533 0.97 0.25
1534 0.98 0.25
1535 0.99 0.25
1536 1 0.25
1537 1.01 0.25
1538 1.02 0.25
1539 1.03 0.25
1540 1.04 0.25
1541 1.05 0.25
1542 1.06 0.25
1543 1.07 0.25
1544 1.08 0.25
1545 1.09 0.25
1546 1.1 0.25
1547 1.11 0.25
1548 1.12 0.25
1549 1.13 0.25
1550 1.14 0.25
1551 1.15 0.25
1552 1.16 0.25
1553 1.17 0.25
1554 1.18 0.25
1555 1.19 0.25
1556 1.2 0.25
1557 1.21 0.25
1558 1.22 0.25
1559 1.23 0.25
1560 1.24 0.25
1561 1.25 0.25
1562 1.26 0.25
1563 1.27 0.25
1564 1.28 0.25
1565 1.29 0.25
1566 1.3 0.25
1567 1.31 0.25
1568 1.32 0.25
1569 1.33 0.25
1570 1.34 0.25
1571 1.35 0.25
1572 1.36 0.25
1573 1.37 0.25
1574 1.38 0.25
1575 1.39 0.25
1576 1.4 0.25
1577 1.41 0.25
1578 1.42 0.25
1579 1.43 0.25
1580 1.44 0.25
1581 1.45 0.25
1582 1.46 0.25
1583 1.47 0.25
1584 1.48 0.25
1585 1.49 0.25
1586 1.5 0.25
1587 1.51 0.25
1588 1.52 0.25
1589 1.53 0.25
1590 1.54 0.25
1591 1.55 0.25
1592 1.56 0.25
1593 1.57 0.25
1594 1.58 0.25
1595 1.59 0.25
1596 1.6 0.25
1597 1.61 0.25
1598 1.62 0.25
1599 1.63 0.25
1600 1.64 0.25
1601 1.65 0.25
1602 1.66 0.25
1603 1.67 0.25
1604 1.68 0.25
1605 1.69 0.25
1606 1.7 0.25
1607 1.71 0.25
1608 1.72 0.25
1609 1.73 0.25
1610 1.74 0.25
1611 1.75 0.25
1612 1.76 0.25
1613 1.77 0.25
1614 1.78 0.25
1615 1.79 0.25
1616 1.8 0.25
1617 0.8 0.26
1618 0.81 0.26
1619 0.82 0.26
1620 0.83 0.26
1621 0.84 0.26
1622 0.85 0.26
1623 0.86 0.26
1624 0.87 0.26
1625 0.88 0.26
1626 0.89 0.26
1627 0.9 0.26
1628 0.91 0.26
1629 0.92 0.26
1630 0.93 0.26
1631 0.94 0.26
1632 0.95 0.26
1633 0.96 0.26
1634 0.97 0.26
1635 0.98 0.26
1636 0.99 0.26
1637 1 0.26
1638 1.01 0.26
1639 1.02 0.26
1640 1.03 0.26
1641 1.04 0.26
1642 1.05 0.26
1643 1.06 0.26
1644 1.07 0.26
1645 1.08 0.26
1646 1.09 0.26
1647 1.1 0.26
1648 1.11 0.26
1649 1.12 0.26
1650 1.13 0.26
1651 1.14 0.26
1652 1.15 0.26
1653 1.16 0.26
1654 1.17 0.26
1655 1.18 0.26
1656 1.19 0.26
1657 1.2 0.26
1658 1.21 0.26
1659 1.22 0.26
1660 1.23 0.26
1661 1.24 0.26
1662 1.25 0.26
1663 1.26 0.26
1664 1.27 0.26
1665 1.28 0.26
1666 1.29 0.26
1667 1.3 0.26
1668 1.31 0.26
1669 1.32 0.26
1670 1.33 0.26
1671 1.34 0.26
1672 1.35 0.26
1673 1.36 0.26
1674 1.37 0.26
1675 1.38 0.26
1676 1.39 0.26
1677 1.4 0.26
1678 1.41 0.26
1679 1.42 0.26
1680 1.43 0.26
1681 1.44 0.26
1682 1.45 0.26
1683 1.46 0.26
1684 1.47 0.26
1685 1.48 0.26
1686 1.49 0.26
1687 1.5 0.26
1688 1.51 0.26
1689 1.52 0.26
1690 1.53 0.26
1691 1.54 0.26
1692 1.55 0.26
1693 1.56 0.26
1694 1.57 0.26
1695 1.58 0.26
1696 1.59 0.26
1697 1.6 0.26
1698 1.61 0.26
1699 1.62 0.26
1700 1.63 0.26
1701 1.64 0.26
1702 1.65 0.26
1703 1.66 0.26
1704 1.67 0.26
1705 1.68 0.26
1706 1.69 0.26
1707 1.7 0.26
1708 1.71 0.26
1709 1.72 0.26
1710 1.73 0.26
1711 1.74 0.26
1712 1.75 0.26
1713 1.76 0.26
1714 1.77 0.26
1715 1.78 0.26
1716 1.79 0.26
1717 1.8 0.26
1718 0.8 0.27
1719 0.81 0.27
1720 0.82 0.27
1721 0.83 0.27
1722 0.84 0.27
1723 0.85 0.27
1724 0.86 0.27
1725 0.87 0.27
1726 0.88 0.27
1727 0.89 0.27
1728 0.9 0.27
1729 0.91 0.27
1730 0.92 0.27
1731 0.93 0.27
1732 0.94 0.27
1733 0.95 0.27
1734 0.96 0.27
1735 0.97 0.27
1736 0.98 0.27
1737 0.99 0.27
1738 1 0.27
1739 1.01 0.27
1740 1.02 0.27
1741 1.03 0.27
1742 1.04 0.27
1743 1.05 0.27
1744 1.06 0.27
1745 1.07 0.27
1746 1.08 0.27
1747 1.09 0.27
1748 1.1 0.27
1749 1.11 0.27
1750 1.12 0.27
1751 1.13 0.27
1752 1.14 0.27
1753 1.15 0.27
1754 1.16 0.27
1755 1.17 0.27
1756 1.18 0.27
1757 1.19 0.27
1758 1.2 0.27
1759 1.21 0.27
1760 1.22 0.27
1761 1.23 0.27
1762 1.24 0.27
1763 1.25 0.27
1764 1.26 0.27
1765 1.27 0.27
1766 1.28 0.27
1767 1.29 0.27
1768 1.3 0.27
1769 1.31 0.27
1770 1.32 0.27
1771 1.33 0.27
1772 1.34 0.27
1773 1.35 0.27
1774 1.36 0.27
1775 1.37 0.27
1776 1.38 0.27
1777 1.39 0.27
1778 1.4 0.27
1779 1.41 0.27
1780 1.42 0.27
1781 1.43 0.27
1782 1.44 0.27
1783 1.45 0.27
1784 1.46 0.27
1785 1.47 0.27
1786 1.48 0.27
1787 1.49 0.27
1788 1.5 0.27
1789 1.51 0.27
1790 1.52 0.27
1791 1.53 0.27
1792 1.54 0.27
1793 1.55 0.27
1794 1.56 0.27
1795 1.57 0.27
1796 1.58 0.27
1797 1.59 0.27
1798 1.6 0.27
1799 1.61 0.27
1800 1.62 0.27
1801 1.63 0.27
1802 1.64 0.27
1803 1.65 0.27
1804 1.66 0.27
1805 1.67 0.27
1806 1.68 0.27
1807 1.69 0.27
1808 1.7 0.27
1809 1.71 0.27
1810 1.72 0.27
1811 1.73 0.27
1812 1.74 0.27
1813 1.75 0.27
1814 1.76 0.27
1815 1.77 0.27
1816 1.78 0.27
1817 1.79 0.27
1818 1.8 0.27
1819 0.8 0.28
1820 0.81 0.28
1821 0.82 0.28
1822 0.83 0.28
1823 0.84 0.28
1824 0.85 0.28
1825 0.86 0.28
1826 0.87 0.28
1827 0.88 0.28
1828 0.89 0.28
1829 0.9 0.28
1830 0.91 0.28
1831 0.92 0.28
1832 0.93 0.28
1833 0.94 0.28
1834 0.95 0.28
1835 0.96 0.28
1836 0.97 0.28
1837 0.98 0.28
1838 0.99 0.28
1839 1 0.28
1840 1.01 0.28
1841 1.02 0.28
1842 1.03 0.28
1843 1.04 0.28
1844 1.05 0.28
1845 1.06 0.28
1846 1.07 0.28
1847 1.08 0.28
1848 1.09 0.28
1849 1.1 0.28
1850 1.11 0.28
1851 1.12 0.28
1852 1.13 0.28
1853 1.14 0.28
1854 1.15 0.28
1855 1.16 0.28
1856 1.17 0.28
1857 1.18 0.28
1858 1.19 0.28
1859 1.2 0.28
1860 1.21 0.28
1861 1.22 0.28
1862 1.23 0.28
1863 1.24 0.28
1864 1.25 0.28
1865 1.26 0.28
1866 1.27 0.28
1867 1.28 0.28
1868 1.29 0.28
1869 1.3 0.28
1870 1.31 0.28
1871 1.32 0.28
1872 1.33 0.28
1873 1.34 0.28
1874 1.35 0.28
1875 1.36 0.28
1876 1.37 0.28
1877 1.38 0.28
1878 1.39 0.28
1879 1.4 0.28
1880 1.41 0.28
1881 1.42 0.28
1882 1.43 0.28
1883 1.44 0.28
1884 1.45 0.28
1885 1.46 0.28
1886 1.47 0.28
1887 1.48 0.28
1888 1.49 0.28
1889 1.5 0.28
1890 1.51 0.28
1891 1.52 0.28
1892 1.53 0.28
1893 1.54 0.28
1894 1.55 0.28
1895 1.56 0.28
1896 1.57 0.28
1897 1.58 0.28
1898 1.59 0.28
1899 1.6 0.28
1900 1.61 0.28
1901 1.62 0.28
1902 1.63 0.28
1903 1.64 0.28
1904 1.65 0.28
1905 1.66 0.28
1906 1.67 0.28
1907 1.68 0.28
1908 1.69 0.28
1909 1.7 0.28
1910 1.71 0.28
1911 1.72 0.28
1912 1.73 0.28
1913 1.74 0.28
1914 1.75 0.28
1915 1.76 0.28
1916 1.77 0.28
1917 1.78 0.28
1918 1.79 0.28
1919 1.8 0.28
1920 0.8 0.29
1921 0.81 0.29
1922 0.82 0.29
1923 0.83 0.29
1924 0.84 0.29
1925 0.85 0.29
1926 0.86 0.29
1927 0.87 0.29
1928 0.88 0.29
1929 0.89 0.29
1930 0.9 0.29
1931 0.91 0.29
1932 0.92 0.29
1933 0.93 0.29
1934 0.94 0.29
1935 0.95 0.29
1936 0.96 0.29
1937 0.97 0.29
1938 0.98 0.29
1939 0.99 0.29
1940 1 0.29
1941 1.01 0.29
1942 1.02 0.29
1943 1.03 0.29
1944 1.04 0.29
1945 1.05 0.29
1946 1.06 0.29
1947 1.07 0.29
1948 1.08 0.29
1949 1.09 0.29
1950 1.1 0.29
1951 1.11 0.29
1952 1.12 0.29
1953 1.13 0.29
1954 1.14 0.29
1955 1.15 0.29
1956 1.16 0.29
1957 1.17 0.29
1958 1.18 0.29
1959 1.19 0.29
1960 1.2 0.29
1961 1.21 0.29
1962 1.22 0.29
1963 1.23 0.29
1964 1.24 0.29
1965 1.25 0.29
1966 1.26 0.29
1967 1.27 0.29
1968 1.28 0.29
1969 1.29 0.29
1970 1.3 0.29
1971 1.31 0.29
1972 1.32 0.29
1973 1.33 0.29
1974 1.34 0.29
1975 1.35 0.29
1976 1.36 0.29
1977 1.37 0.29
1978 1.38 0.29
1979 1.39 0.29
1980 1.4 0.29
1981 1.41 0.29
1982 1.42 0.29
1983 1.43 0.29
1984 1.44 0.29
1985 1.45 0.29
1986 1.46 0.29
1987 1.47 0.29
1988 1.48 0.29
1989 1.49 0.29
1990 1.5 0.29
1991 1.51 0.29
1992 1.52 0.29
1993 1.53 0.29
1994 1.54 0.29
1995 1.55 0.29
1996 1.56 0.29
1997 1.57 0.29
1998 1.58 0.29
1999 1.59 0.29
2000 1.6 0.29
2001 1.61 0.29
2002 1.62 0.29
2003 1.63 0.29
2004 1.64 0.29
2005 1.65 0.29
2006 1.66 0.29
2007 1.67 0.29
2008 1.68 0.29
2009 1.69 0.29
2010 1.7 0.29
2011 1.71 0.29
2012 1.72 0.29
2013 1.73 0.29
2014 1.74 0.29
2015 1.75 0.29
2016 1.76 0.29
2017 1.77 0.29
2018 1.78 0.29
2019 1.79 0.29
2020 1.8 0.29
2021 0.8 0.3
2022 0.81 0.3
2023 0.82 0.3
2024 0.83 0.3
2025 0.84 0.3
2026 0.85 0.3
2027 0.86 0.3
2028 0.87 0.3
2029 0.88 0.3
2030 0.89 0.3
2031 0.9 0.3
2032 0.91 0.3
2033 0.92 0.3
2034 0.93 0.3
2035 0.94 0.3
2036 0.95 0.3
2037 0.96 0.3
2038 0.97 0.3
2039 0.98 0.3
2040 0.99 0.3
2041 1 0.3
2042 1.01 0.3
2043 1.02 0.3
2044 1.03 0.3
2045 1.04 0.3
2046 1.05 0.3
2047 1.06 0.3
2048 1.07 0.3
2049 1.08 0.3
2050 1.09 0.3
2051 1.1 0.3
2052 1.11 0.3
2053 1.12 0.3
2054 1.13 0.3
2055 1.14 0.3
2056 1.15 0.3
2057 1.16 0.3
2058 1.17 0.3
2059 1.18 0.3
2060 1.19 0.3
2061 1.2 0.3
2062 1.21 0.3
2063 1.22 0.3
2064 1.23 0.3
2065 1.24 0.3
2066 1.25 0.3
2067 1.26 0.3
2068 1.27 0.3
2069 1.28 0.3
2070 1.29 0.3
2071 1.3 0.3
2072 1.31 0.3
2073 1.32 0.3
2074 1.33 0.3
2075 1.34 0.3
2076 1.35 0.3
2077 1.36 0.3
2078 1.37 0.3
2079 1.38 0.3
2080 1.39 0.3
2081 1.4 0.3
2082 1.41 0.3
2083 1.42 0.3
2084 1.43 0.3
2085 1.44 0.3
2086 1.45 0.3
2087 1.46 0.3
2088 1.47 0.3
2089 1.48 0.3
2090 1.49 0.3
2091 1.5 0.3
2092 1.51 0.3
2093 1.52 0.3
2094 1.53 0.3
2095 1.54 0.3
2096 1.55 0.3
2097 1.56 0.3
2098 1.57 0.3
2099 1.58 0.3
2100 1.59 0.3
2101 1.6 0.3
2102 1.61 0.3
2103 1.62 0.3
2104 1.63 0.3
2105 1.64 0.3
2106 1.65 0.3
2107 1.66 0.3
2108 1.67 0.3
2109 1.68 0.3
2110 1.69 0.3
2111 1.7 0.3
2112 1.71 0.3
2113 1.72 0.3
2114 1.73 0.3
2115 1.74 0.3
2116 1.75 0.3
2117 1.76 0.3
2118 1.77 0.3
2119 1.78 0.3
2120 1.79 0.3
2121 1.8 0.3
